13 1.0
17 0.989010989010989
28 0.8040201005025126
86 0.7620798319327731
13 1.0
17 0.989010989010989
28 0.8040201005025126
86 0.7620798319327731
10 1.0
87 0.7125295508274232
13 1.0
17 0.989010989010989
28 0.8040201005025126
86 0.7620798319327731
10 1.0
87 0.7125295508274232
7 1.0
88 0.6475113122171946
13 1.0
17 0.989010989010989
28 0.8040201005025126
86 0.7620798319327731
10 1.0
87 0.7125295508274232
7 1.0
88 0.6475113122171946
4 1.0
7 0.7619047619047619
65 0.720292504570384
13 1.0
17 0.989010989010989
28 0.8040201005025126
86 0.7620798319327731
10 1.0
87 0.7125295508274232
7 1.0
88 0.6475113122171946
4 1.0
7 0.7619047619047619
65 0.720292504570384
4 1.0
56 0.6959737058340181
